%YAML:1.0
---
camera_matrix: !!opencv-matrix
   rows: 3
   cols: 3
   dt: d
   data: [ 3.0422131130864245e+03, 0., 1.5219573305818890e+03, 0.,
       3.0483486393619478e+03, 2.0176121005366456e+03, 0., 0., 1. ]
dist_coeff: !!opencv-matrix
   rows: 1
   cols: 5
   dt: d
   data: [ 1.7725799540458573e-01, -7.0774849878373480e-01,
       -5.9255128734286670e-04, -1.1476489277492891e-03,
       1.1602769015756933e+00 ]
