%YAML:1.0
---
K: !!opencv-matrix
   rows: 3
   cols: 3
   dt: d
   data: [ 3.0865519771363238e+03, 0., 1.5130094932596894e+03, 0.,
       3.0880350072571991e+03, 1.9708999216108687e+03, 0., 0., 1. ]
D: !!opencv-matrix
   rows: 1
   cols: 5
   dt: d
   data: [ 3.0624154817390092e-01, -1.4536279516141610e+00,
       -8.3054367539849225e-03, 1.1698863040286180e-04,
       2.3237348320534563e+00 ]
